22.0020
-29.2793
9.8136
0.8593
21.0276
-25.7541
8.9088
0.8714
25.1457
-22.2771
9.0016
0.8701
26.6226
-21.7367
9.2092
0.8673
30.3080
-20.9201
9.8678
0.8586
32.0654
-20.2769
10.1656
0.8546
3.0778
25.3483
6.8419
0.8997
-0.0000
27.6462
7.4078
0.8918
-1.1109
27.5661
7.3923
0.8920
-0.9758
8.0362
2.1691
0.9670
-6.6835
32.7381
8.9531
0.8708
-7.9542
32.2715
8.9059
0.8714
22.0036
-29.2815
8.9353
0.8600
25.0096
-24.0221
8.4597
0.8669
25.9978
-23.0321
8.4731
0.8667
30.3106
-20.9219
8.9848
0.8593
32.0682
-20.2787
9.2560
0.8554
3.1154
9.3318
2.4000
0.9603
8.9005
30.7283
7.8044
0.8766
7.5836
30.7680
7.7306
0.8777
6.1421
30.0860
7.4910
0.8812
2.2759
28.1924
6.9000
0.8901
1.0254
25.4451
6.2124
0.9005
-0.0000
27.9703
6.8234
0.8912
-2.0209
25.0333
6.1268
0.9018
-3.0006
24.7122
6.0729
0.9026
-4.9030
24.0166
5.9798
0.9040
-7.9537
32.2692
8.1078
0.8721
22.0052
-29.2836
8.0666
0.8607
23.0703
-28.2560
8.0331
0.8612
23.4533
-26.4733
7.7887
0.8651
25.0109
-24.0233
7.6371
0.8676
27.5271
-22.4752
7.8259
0.8645
22.9352
-1.8515
5.0672
0.9101
14.1339
33.1734
7.9408
0.8627
12.3307
32.5135
7.6577
0.8673
3.1138
9.3269
2.1650
0.9605
7.5830
30.7654
6.9779
0.8783
4.4553
27.4147
6.1164
0.8925
3.2745
26.9684
5.9826
0.8947
2.1468
26.5930
5.8753
0.8965
1.0278
25.5045
5.6211
0.9007
-3.0004
24.7105
5.4817
0.9031
-3.9589
24.3600
5.4349
0.9039
-4.9027
24.0149
5.3976
0.9045
-6.4930
26.3433
5.9749
0.8948
-4.5384
-15.6684
3.2090
0.9357
-3.1162
-15.2640
3.0646
0.9385
29.1315
-21.8908
7.1684
0.8620
22.9596
-1.8535
4.5313
0.9104
3.1122
9.3221
1.9335
0.9607
8.3653
28.8804
5.9148
0.8846
4.2403
20.7704
4.1702
0.9172
2.1466
26.5909
5.2479
0.8970
0.9046
22.4472
4.4194
0.9125
-1.0229
25.3833
4.9974
0.9016
-2.0411
25.2832
4.9898
0.9018
-3.0576
25.1817
4.9901
0.9018
-5.0748
24.8581
4.9909
0.9017
-6.4917
26.3376
5.3362
0.8953
-23.8673
-19.4871
5.3436
0.8824
-4.5592
-15.7402
2.8420
0.9356
-3.1164
-15.2652
2.7020
0.9387
22.0083
-29.2878
6.3535
0.8618
23.0708
-28.2566
6.3264
0.8624
23.4550
-26.4752
6.1341
0.8662
26.0039
-23.0374
6.0250
0.8685
13.0312
30.5855
5.7657
0.8737
4.6062
28.3433
4.9799
0.8900
2.2730
28.1562
4.8989
0.8917
0.9047
22.4496
3.8965
0.9128
-1.1100
27.5443
4.7808
0.8941
-2.1917
27.1488
4.7236
0.8953
-4.2876
26.3825
4.6354
0.8972
-5.7447
28.1394
4.9808
0.8899
2.6851
-13.1523
2.0178
0.9472
23.0711
-28.2570
5.4833
0.8628
23.4558
-26.4761
5.3169
0.8667
24.0997
-25.0906
5.2294
0.8687
25.0148
-24.0271
5.2136
0.8691
26.6333
-21.7454
5.1683
0.8702
30.3208
-20.9289
5.5379
0.8615
32.6429
13.9078
5.3335
0.8663
18.8960
32.7288
5.6807
0.8582
16.7689
31.9505
5.4239
0.8642
14.8229
31.2385
5.1974
0.8695
13.0122
30.5407
4.9900
0.8743
11.7329
30.9370
4.9735
0.8747
8.8929
30.7020
4.8046
0.8787
0.9048
22.4519
3.3776
0.9131
-1.1099
27.5424
4.1434
0.8945
-2.1915
27.1469
4.0939
0.8957
-6.5918
32.2889
4.9536
0.8752
-7.9102
32.0930
4.9684
0.8749
2.6422
-16.2580
2.0978
0.9357
3.8936
-15.7970
2.0721
0.9365
7.5848
-14.4516
2.0786
0.9363
8.2114
-14.2226
2.0916
0.9359
8.8469
-13.9903
2.1081
0.9354
23.5455
-31.3334
4.9917
0.8538
25.0161
-24.0283
4.4177
0.8695
26.6353
-21.7471
4.3793
0.8705
28.1856
-21.1801
4.4902
0.8675
12.6625
2.5851
1.6459
0.9492
18.1095
34.5048
4.9630
0.8546
14.1216
33.1445
4.5884
0.8648
12.3202
32.4856
4.4249
0.8693
4.2182
20.6622
2.6858
0.9185
3.2718
26.9456
3.4570
0.8963
2.2727
28.1532
3.5972
0.8924
-0.7317
18.1574
2.3144
0.9293
-2.1914
27.1450
3.4684
0.8960
-3.2490
26.7583
3.4329
0.8970
-4.2870
26.3789
3.4037
0.8978
-3.7998
-18.6128
1.9858
0.9264
-2.9759
-18.3118
1.9393
0.9281
0.0000
-17.2246
1.8006
0.9331
0.6841
-16.9747
1.7759
0.9340
1.3507
-16.7311
1.7547
0.9347
2.0026
-16.4929
1.7367
0.9354
2.6424
-16.2591
1.7219
0.9359
3.8947
-15.8015
1.7012
0.9366
5.7373
-15.1281
1.6913
0.9370
7.5853
-14.4526
1.7062
0.9365
8.2120
-14.2235
1.7169
0.9361
8.8475
-13.9912
1.7305
0.9356
12.9897
-12.4768
1.8828
0.9301
13.7639
-12.1937
1.9222
0.9287
14.5725
-11.8981
1.9666
0.9271
15.4207
-11.5879
2.0164
0.9254
16.3145
-11.2611
2.0723
0.9234
22.9554
-1.8532
2.4074
0.9115
13.4135
0.5405
1.4033
0.9474
12.9067
1.0419
1.3536
0.9493
14.0937
4.0823
1.5338
0.9427
16.0630
33.8520
3.9169
0.8601
14.1203
33.1415
3.7658
0.8651
12.3191
32.4827
3.6316
0.8696
3.1080
9.3096
1.0260
0.9613
8.8923
30.6996
3.3411
0.8794
4.2106
20.6249
2.2005
0.9188
4.4576
27.4288
2.9049
0.8943
0.9061
22.4836
2.3522
0.9135
-2.0218
25.0453
2.6266
0.9039
-6.3795
25.8828
2.7866
0.8983
-7.5836
-19.9964
1.7498
0.9177
-6.5375
-19.5824
1.6891
0.9205
-5.5800
-19.2645
1.6410
0.9227
-4.6660
-18.9306
1.5952
0.9247
-3.8001
-18.6142
1.5544
0.9266
-2.1887
-18.0255
1.4856
0.9297
-0.7045
-17.4832
1.4316
0.9322
0.0000
-17.2258
1.4094
0.9332
0.6841
-16.9758
1.3901
0.9341
2.0027
-16.4940
1.3594
0.9355
2.6425
-16.2602
1.3478
0.9360
3.8950
-15.8025
1.3316
0.9368
4.5119
-15.5770
1.3269
0.9370
5.7377
-15.1291
1.3239
0.9371
8.8481
-13.9922
1.3545
0.9357
9.4949
-13.7557
1.3675
0.9351
13.7649
-12.1947
1.5046
0.9289
14.5736
-11.8990
1.5393
0.9273
15.4219
-11.5888
1.5783
0.9255
16.3158
-11.2620
1.6221
0.9235
17.2622
-10.9160
1.6711
0.9213
23.1203
-8.7684
2.0231
0.9055
22.9545
-1.8531
1.8845
0.9117
13.5590
0.0000
1.1094
0.9470
12.2269
1.4846
1.0077
0.9518
11.8346
1.9233
0.9810
0.9530
16.6166
6.3018
1.4540
0.9312
18.8525
32.6534
3.0849
0.8596
8.3573
28.8528
2.4577
0.8864
4.4573
27.4267
2.2734
0.8945
2.1447
26.5667
2.1807
0.8986
0.9076
22.5231
1.8443
0.9135
0.0000
16.9558
1.3873
0.9342
-3.9477
24.2911
2.0135
0.9060
-4.8888
23.9471
1.9997
0.9066
-6.3782
25.8775
2.1806
0.8986
-22.5655
-25.4712
2.0140
0.8725
-20.0447
-24.5503
1.8758
0.8807
-6.5380
-19.5836
1.2219
0.9206
-4.6663
-18.9321
1.1540
0.9248
-1.4330
-17.7506
1.0540
0.9311
0.0000
-17.2270
1.0196
0.9333
0.6842
-16.9770
1.0056
0.9342
1.3508
-16.7334
0.9936
0.9349
3.8952
-15.8036
0.9633
0.9369
4.5123
-15.5781
0.9599
0.9371
5.1259
-15.3538
0.9580
0.9372
5.7381
-15.1300
0.9577
0.9372
6.3509
-14.9061
0.9590
0.9371
8.2131
-14.2254
0.9722
0.9363
9.4955
-13.7567
0.9893
0.9352
11.5289
-13.0134
1.0290
0.9327
13.7660
-12.1956
1.0885
0.9290
14.5747
-11.8999
1.1136
0.9274
16.3171
-11.2629
1.1734
0.9236
17.2637
-10.9169
1.2089
0.9214
18.2708
-10.5487
1.2486
0.9189
26.2925
-7.6158
1.6201
0.8961
28.1470
-6.9376
1.7157
0.8903
22.9535
-1.8530
1.3627
0.9119
13.4414
0.0000
0.7955
0.9476
12.9756
0.5229
0.7686
0.9493
12.5400
1.0123
0.7446
0.9508
12.1306
1.4729
0.7232
0.9522
11.9715
2.4440
0.7232
0.9522
12.7946
3.1536
0.7799
0.9486
13.7708
3.9888
0.8485
0.9442
14.9173
4.9801
0.9308
0.9389
18.0539
7.6920
1.1615
0.9244
18.8779
32.6975
2.2346
0.8596
14.7889
31.1669
2.0417
0.8709
13.0004
30.5130
1.9630
0.8756
11.6513
30.7220
1.9446
0.8766
6.7108
27.2267
1.6596
0.8937
4.2804
26.3381
1.5793
0.8986
-0.0000
27.4103
1.6223
0.8960
-4.2625
26.2284
1.5727
0.8990
-7.8435
31.8222
1.9398
0.8769
-38.0802
7.7741
2.3003
0.8558
-7.5850
-19.9999
0.7831
0.9179
-6.5384
-19.5849
0.7559
0.9207
-4.6667
-18.9336
0.7139
0.9249
-0.7046
-17.4858
0.6407
0.9324
0.0000
-17.2185
0.6304
0.9334
1.3498
-16.7206
0.6142
0.9351
2.0020
-16.4880
0.6081
0.9357
5.7384
-15.1310
0.5925
0.9373
6.3513
-14.9071
0.5932
0.9372
8.2097
-14.2197
0.6011
0.9364
8.8423
-13.9829
0.6057
0.9359
11.5297
-13.0143
0.6366
0.9328
12.9926
-12.4796
0.6596
0.9304
14.5759
-11.9008
0.6889
0.9274
16.3185
-11.2638
0.7260
0.9237
23.1323
-8.7729
0.9058
0.9057
26.2954
-7.6166
1.0023
0.8962
28.1503
-6.9384
1.0615
0.8904
30.2416
-6.1739
1.1300
0.8838
22.9517
-1.8528
0.8430
0.9120
13.3262
-0.0000
0.4879
0.9481
12.8681
0.5186
0.4715
0.9498
12.7451
3.1414
0.4806
0.9488
16.2496
6.1627
0.6363
0.9328
17.9757
7.6587
0.7154
0.9248
13.3740
31.3897
1.2492
0.8723
11.6320
30.6710
1.2010
0.8770
3.1055
9.3020
0.3590
0.9615
8.8206
30.4521
1.1607
0.8808
7.6356
30.9790
1.1681
0.8801
4.2020
20.5826
0.7691
0.9194
3.2708
26.9375
0.9935
0.8971
-0.0000
25.8469
0.9463
0.9017
-2.9910
24.6331
0.9085
0.9055
-4.2622
26.2266
0.9728
0.8991
-7.6060
30.8586
1.1636
0.8805
-9.5872
33.0988
1.2616
0.8712
-37.4726
6.0899
1.3899
0.8590
-36.8837
4.4785
1.3603
0.8618
-22.5718
-25.4783
0.4791
0.8727
-7.6188
-20.0891
0.3024
0.9176
-5.5814
-19.2692
0.2824
0.9229
-2.1892
-18.0295
0.2557
0.9299
0.0000
-17.2086
0.2422
0.9335
0.6832
-16.9526
0.2388
0.9344
1.3489
-16.7092
0.2360
0.9351
1.9967
-16.4445
0.2332
0.9359
3.8958
-15.8056
0.2291
0.9370
6.3517
-14.9080
0.2281
0.9372
7.5753
-14.4336
0.2295
0.9369
8.8354
-13.9721
0.2327
0.9360
10.1259
-13.4752
0.2373
0.9348
10.8343
-13.2697
0.2411
0.9338
13.7680
-12.1974
0.2589
0.9291
14.5770
-11.9017
0.2649
0.9275
16.3198
-11.2647
0.2791
0.9237
17.2665
-10.9187
0.2876
0.9215
20.4634
-9.7100
0.3188
0.9134
24.5893
-8.2091
0.3649
0.9015
26.2984
-7.6174
0.3854
0.8963
28.1537
-6.9393
0.4082
0.8905
13.2132
0.0000
0.1860
0.9485
12.3405
0.9962
0.1743
0.9517
11.9430
1.4501
0.1693
0.9530
14.5524
30.6684
0.4778
0.8730
12.2368
32.2658
0.4857
0.8711
3.1046
9.2995
0.1380
0.9615
7.9393
32.2108
0.4670
0.8757
2.1045
26.0684
0.3681
0.9007
0.0000
25.2992
0.3561
0.9037
-1.9838
24.5741
0.3470
0.9061
-3.2301
26.6020
0.3772
0.8983
-4.2619
26.2248
0.3740
0.8992
-38.7373
9.5479
0.5616
0.8525
-38.0898
7.7761
0.5472
0.8560
-37.4736
6.0900
0.5344
0.8591
-39.5910
3.1961
0.5591
0.8531
-3.8013
-18.6200
-0.1605
0.9268
-2.1893
-18.0308
-0.1534
0.9299
-0.7047
-17.4882
-0.1478
0.9324
0.6821
-16.9271
-0.1431
0.9345
1.3469
-16.6843
-0.1414
0.9352
1.9928
-16.4117
-0.1396
0.9360
3.8960
-15.8067
-0.1375
0.9370
4.5131
-15.5811
-0.1370
0.9372
6.3521
-14.9090
-0.1369
0.9372
8.1893
-14.1843
-0.1383
0.9366
9.4462
-13.6852
-0.1404
0.9356
11.5313
-13.0162
-0.1469
0.9328
12.2499
-12.7535
-0.1493
0.9317
13.7691
-12.1983
-0.1554
0.9291
14.5781
-11.9026
-0.1589
0.9275
17.2679
-10.9196
-0.1725
0.9215
18.2673
-10.5466
-0.1781
0.9191
19.2908
-10.1246
-0.1840
0.9165
20.4074
-9.6834
-0.1908
0.9136
23.0602
-8.7456
-0.2083
0.9061
24.4855
-8.1745
-0.2180
0.9019
26.3013
-7.6183
-0.2313
0.8963
28.1569
-6.9401
-0.2449
0.8905
32.6347
-5.3037
-0.2792
0.8761
13.1021
-0.0000
-0.1106
0.9489
12.6588
0.5101
-0.1070
0.9506
12.2432
0.9884
-0.1037
0.9521
11.8515
1.4390
-0.1008
0.9534
11.4806
1.8658
-0.0982
0.9545
13.6013
3.9397
-0.1196
0.9449
17.8424
7.6020
-0.1638
0.9254
13.9583
10.4890
-0.1475
0.9325
12.9654
11.4863
-0.1463
0.9331
16.7294
31.8752
-0.3040
0.8659
7.7723
16.3799
-0.1531
0.9300
6.7289
15.7934
-0.1450
0.9336
6.7666
17.8420
-0.1612
0.9265
3.1038
9.2970
-0.0828
0.9616
4.2429
14.6485
-0.1288
0.9408
7.9387
32.2083
-0.2801
0.8757
1.5058
18.6534
-0.1580
0.9279
0.0000
24.0931
-0.2035
0.9081
-0.9488
23.5442
-0.1990
0.9100
-3.2298
26.6002
-0.2263
0.8984
-4.2617
26.2231
-0.2244
0.8992
-7.9446
32.2327
-0.2804
0.8756
-4.3315
14.9542
-0.1315
0.9396
-5.5450
16.6091
-0.1479
0.9324
-9.1330
24.0817
-0.2175
0.9021
-32.7406
18.9028
-0.3193
0.8597
-35.1776
-13.3411
-1.1654
0.8602
-22.5780
-25.4853
-1.0546
0.8726
-19.8859
-24.3558
-0.9740
0.8818
-19.9161
-26.5036
-1.0269
0.8758
-19.8526
-28.7615
-1.0825
0.8695
-18.7816
-29.7007
-1.0885
0.8688
-7.6200
-20.0923
-0.6656
0.9176
-5.5823
-19.2723
-0.6215
0.9228
-4.6678
-18.9381
-0.6042
0.9249
-3.8016
-18.6214
-0.5887
0.9268
-2.9773
-18.3201
-0.5749
0.9284
-1.4334
-17.7558
-0.5518
0.9312
-0.0000
-17.2111
-0.5331
0.9334
0.6818
-16.9200
-0.5245
0.9345
1.3449
-16.6595
-0.5177
0.9353
1.9898
-16.3872
-0.5113
0.9361
2.6195
-16.1184
-0.5058
0.9367
4.5134
-15.5822
-0.5025
0.9371
5.1272
-15.3578
-0.5015
0.9373
7.5746
-14.4322
-0.5049
0.9369
8.1826
-14.1727
-0.5069
0.9366
8.8097
-13.9314
-0.5106
0.9362
9.4323
-13.6651
-0.5143
0.9357
10.0652
-13.3943
-0.5190
0.9351
10.8359
-13.2715
-0.5307
0.9337
11.5321
-13.0171
-0.5387
0.9328
17.2694
-10.9205
-0.6329
0.9215
19.2768
-10.1173
-0.6744
0.9166
21.5311
-9.1736
-0.7249
0.9106
23.0484
-8.7411
-0.7636
0.9061
26.3042
-7.6192
-0.8483
0.8962
28.1603
-6.9409
-0.8984
0.8904
22.9451
-1.8524
-0.7130
0.9120
13.0188
0.0000
-0.4033
0.9492
12.5792
0.5069
-0.3900
0.9509
12.6160
3.1095
-0.4025
0.9493
13.5696
3.9304
-0.4376
0.9450
14.7076
4.9101
-0.4803
0.9398
16.0942
6.1037
-0.5332
0.9334
17.8244
7.5943
-0.6001
0.9254
13.4571
10.9874
-0.5381
0.9328
7.5561
15.9241
-0.5460
0.9319
4.1267
14.2470
-0.4594
0.9424
3.3816
13.7197
-0.4377
0.9450
2.8183
13.8053
-0.4364
0.9452
1.6543
13.6248
-0.4251
0.9466
1.1129
13.7860
-0.4284
0.9462
-0.0000
13.8584
-0.4293
0.9460
-1.1278
13.9697
-0.4341
0.9455
-2.2994
14.1485
-0.4440
0.9443
-3.5030
14.2122
-0.4534
0.9431
-4.1432
14.3041
-0.4613
0.9421
-5.1734
15.4963
-0.5060
0.9367
-32.7378
18.9012
-1.1709
0.8596
-39.5785
3.1951
-1.2299
0.8531
-34.7249
-14.7949
-2.0208
0.8597
-25.8838
-26.9479
-2.0004
0.8610
-22.5812
-25.4889
-1.8231
0.8725
-19.8549
-28.7647
-1.8712
0.8694
-19.0280
-30.0904
-1.9060
0.8671
-7.6206
-20.0939
-1.1505
0.9175
-4.6682
-18.9396
-1.0443
0.9248
-2.9775
-18.3215
-0.9937
0.9283
-0.7048
-17.4907
-0.9372
0.9323
0.0000
-17.2005
-0.9209
0.9334
1.3427
-16.6322
-0.8933
0.9353
1.9864
-16.3592
-0.8823
0.9361
2.6152
-16.0922
-0.8728
0.9368
5.1275
-15.3589
-0.8669
0.9372
5.7400
-15.1350
-0.8666
0.9372
6.3530
-14.9110
-0.8677
0.9371
7.5751
-14.4331
-0.8727
0.9368
8.1831
-14.1736
-0.8762
0.9365
8.7963
-13.9102
-0.8811
0.9362
9.4168
-13.6426
-0.8875
0.9358
11.5329
-13.0180
-0.9311
0.9327
12.2517
-12.7553
-0.9469
0.9316
14.5803
-11.9045
-1.0077
0.9274
15.4292
-11.5943
-1.0333
0.9256
16.3237
-11.2675
-1.0619
0.9236
17.2708
-10.9214
-1.0940
0.9214
18.2515
-10.5375
-1.1283
0.9190
28.1636
-6.9417
-1.5529
0.8903
29.3381
-4.7679
-1.5913
0.8878
31.8150
-3.8630
-1.7158
0.8795
38.0560
-1.5336
-2.0391
0.8585
13.0208
0.0000
-0.6971
0.9492
12.5810
0.5070
-0.6741
0.9508
11.7802
1.4304
-0.6353
0.9536
11.8122
2.4115
-0.6454
0.9529
13.5735
3.9316
-0.7566
0.9450
14.7119
4.9116
-0.8304
0.9398
16.1032
6.1071
-0.9220
0.9333
17.8140
7.5898
-1.0367
0.9254
13.9525
10.4847
-0.9344
0.9325
12.9600
11.4816
-0.9270
0.9330
10.7594
18.6358
-1.1521
0.9174
8.6927
16.5625
-1.0014
0.9278
7.5117
15.8307
-0.9381
0.9322
3.1021
9.2919
-0.5245
0.9615
2.1633
13.3118
-0.7220
0.9474
-0.5517
13.6895
-0.7335
0.9466
-1.6682
13.7390
-0.7409
0.9461
-2.8309
13.8667
-0.7577
0.9449
-3.4679
14.0697
-0.7758
0.9436
-5.0721
15.1926
-0.8575
0.9379
-6.5129
17.1731
-0.9833
0.9291
-32.4268
17.0189
-1.9606
0.8636
-36.7706
4.4647
-1.9830
0.8621
-39.3221
3.1744
-2.1120
0.8538
-29.4965
-1.1887
-2.2481
0.8883
-29.6591
-3.6013
-2.2752
0.8871
-30.3594
-7.4829
-2.3811
0.8821
-29.1005
-11.0364
-2.3701
0.8826
-28.0342
-13.3024
-2.3630
0.8830
-27.4361
-14.3996
-2.3596
0.8831
-26.7959
-15.4706
-2.3563
0.8833
-26.1150
-16.5141
-2.3530
0.8834
-25.3945
-17.5286
-2.3498
0.8836
-24.6356
-18.5125
-2.3467
0.8837
-19.8957
-20.7136
-2.1872
0.8912
-19.0245
-21.4742
-2.1848
0.8913
-18.1253
-22.1994
-2.1825
0.8914
-16.2483
-23.5397
-2.1782
0.8916
-15.2735
-24.1531
-2.1762
0.8917
-12.2560
-25.8290
-2.1772
0.8916
-7.6212
-20.0955
-1.6367
0.9174
-5.5832
-19.2755
-1.5282
0.9227
-4.6686
-18.9411
-1.4856
0.9247
-3.8022
-18.6243
-1.4475
0.9266
-2.9778
-18.3229
-1.4136
0.9282
1.9754
-16.2692
-1.2480
0.9364
2.5959
-15.9733
-1.2324
0.9371
5.7794
-28.3095
-2.2003
0.8906
4.5140
-15.5842
-1.2356
0.9370
5.7403
-15.1360
-1.2328
0.9371
8.1399
-14.0987
-1.2398
0.9368
8.7492
-13.8358
-1.2466
0.9364
9.3661
-13.5691
-1.2556
0.9360
10.8374
-13.2734
-1.3049
0.9336
13.7722
-12.2011
-1.4012
0.9288
14.5814
-11.9054
-1.4335
0.9273
19.1055
-10.0273
-1.6432
0.9171
27.4356
-5.6010
-2.1324
0.8937
28.9892
-4.7112
-2.2366
0.8889
22.8227
-1.8425
-1.7437
0.9122
24.1956
-0.9751
-1.8441
0.9074
12.5828
0.5071
-0.9590
0.9507
11.7817
1.4306
-0.9038
0.9535
11.4137
1.8549
-0.8806
0.9547
13.5845
3.9348
-1.0770
0.9448
14.7169
4.9132
-1.1815
0.9397
17.8022
7.5848
-1.4736
0.9253
27.8536
16.0813
-2.4493
0.8790
26.5450
18.3227
-2.4563
0.8786
13.9496
10.4825
-1.3288
0.9324
13.4516
10.9829
-1.3224
0.9327
12.9574
11.4792
-1.3183
0.9329
22.4891
23.4136
-2.4723
0.8779
21.5532
24.3285
-2.4752
0.8778
20.5791
25.2048
-2.4779
0.8776
16.3373
25.8354
-2.3278
0.8846
10.4749
18.1430
-1.5954
0.9194
8.7236
16.6215
-1.4295
0.9275
3.1013
9.2894
-0.7458
0.9615
3.3896
13.7523
-1.0786
0.9448
2.7323
13.3840
-1.0402
0.9467
2.1566
13.2704
-1.0238
0.9475
1.6256
13.3883
-1.0270
0.9473
1.1100
13.7496
-1.0505
0.9462
0.5488
13.6180
-1.0379
0.9468
-1.1153
13.8154
-1.0555
0.9459
-1.6827
13.8579
-1.0631
0.9455
-2.8559
13.9893
-1.0873
0.9443
-3.4703
14.0797
-1.1043
0.9435
-5.0736
15.1972
-1.2201
0.9377
-9.2510
16.0231
-1.4090
0.9285
-17.4636
27.6165
-2.4883
0.8771
-18.5448
26.8668
-2.4861
0.8773
-19.5930
26.0735
-2.4837
0.8774
-21.5829
24.3621
-2.4786
0.8776
-23.4201
22.4954
-2.4730
0.8779
-25.0927
20.4876
-2.4669
0.8781
-25.8639
19.4355
-2.4637
0.8783
-26.5901
18.3538
-2.4605
0.8784
-27.2702
17.2446
-2.4571
0.8786
-27.9033
16.1100
-2.4536
0.8788
-29.0247
13.7724
-2.4465
0.8791
-29.0289
12.3681
-2.4029
0.8811
-28.4761
10.7995
-2.3193
0.8850
-28.7237
8.3199
-2.2773
0.8870
-28.9895
7.1453
-2.2737
0.8871
-29.5690
2.3870
-2.2591
0.8878
-29.5929
1.1925
-2.2554
0.8880
-24.2676
-0.9779
-2.4007
0.9070
-24.1782
-1.9519
-2.3977
0.9071
-23.8831
-3.8814
-2.3917
0.9073
-23.4357
-5.7764
-2.3859
0.9075
-22.8398
-7.6250
-2.3801
0.9078
-22.4877
-8.5285
-2.3773
0.9079
-22.1003
-9.4161
-2.3746
0.9080
-21.6785
-10.2866
-2.3718
0.9081
-21.2228
-11.1386
-2.3692
0.9082
-20.7343
-11.9710
-2.3666
0.9083
-20.2138
-12.7824
-2.3640
0.9083
-18.4691
-15.0796
-2.3568
0.9086
-17.1635
-16.4857
-2.3524
0.9088
-15.7265
-17.7515
-2.3442
0.9091
-11.8555
-18.7480
-2.1926
0.9147
-11.0837
-19.1975
-2.1912
0.9148
-7.6218
-20.0971
-2.1246
0.9172
-6.5408
-19.5922
-2.0417
0.9203
-5.5837
-19.2771
-1.9838
0.9225
-2.9780
-18.3243
-1.8351
0.9281
-2.1900
-18.0362
-1.7959
0.9296
-1.4337
-17.7597
-1.7612
0.9309
0.0000
-17.1563
-1.6958
0.9334
1.9610
-16.1504
-1.6081
0.9367
2.5594
-15.7484
-1.5771
0.9379
9.5480
-20.1219
-2.2015
0.9144
7.5411
-14.3683
-1.6040
0.9369
9.3070
-13.4835
-1.6195
0.9363
16.3264
-11.2693
-1.9609
0.9234
18.2540
-10.5390
-2.0835
0.9188
20.2748
-9.6205
-2.2183
0.9137
20.6688
-8.8062
-2.2208
0.9137
21.0306
-7.9759
-2.2233
0.9136
21.6548
-6.2724
-2.2285
0.9134
22.3337
-3.6296
-2.2366
0.9131
22.4894
-2.7307
-2.2393
0.9130
22.6092
-1.8252
-2.2421
0.9129
11.8294
2.4150
-1.1934
0.9526
21.3620
12.3334
-2.4382
0.9056
20.8712
13.1982
-2.4409
0.9055
20.3448
14.0430
-2.4436
0.9054
12.9547
11.4769
-1.7108
0.9328
17.9009
17.1940
-2.4535
0.9050
17.2101
17.9176
-2.4557
0.9050
16.4894
18.6126
-2.4579
0.9049
14.0138
18.6490
-2.3058
0.9105
13.2618
19.2131
-2.3076
0.9104
10.8325
18.7626
-2.1415
0.9166
8.5229
16.2392
-1.8128
0.9289
5.5538
14.6444
-1.5482
0.9390
4.0368
13.9368
-1.4342
0.9433
2.7130
13.2892
-1.3407
0.9469
2.1538
13.2527
-1.3272
0.9475
1.6215
13.3548
-1.3298
0.9474
0.5483
13.6047
-1.3459
0.9467
0.0000
13.6435
-1.3486
0.9466
-1.1067
13.7094
-1.3595
0.9462
-2.2610
13.9123
-1.3932
0.9449
-2.8323
13.8734
-1.3996
0.9447
-3.5025
14.2101
-1.4467
0.9429
-5.1064
15.2956
-1.5940
0.9372
-6.3392
16.7150
-1.7671
0.9307
-10.0419
21.1629
-2.3154
0.9101
-13.3440
21.1018
-2.4679
0.9045
-14.1732
20.5333
-2.4662
0.9046
-17.2290
17.9373
-2.4585
0.9049
-18.5829
16.4630
-2.4540
0.9050
-19.2124
15.6864
-2.4517
0.9051
-20.3713
14.0613
-2.4468
0.9053
-20.8991
13.2158
-2.4442
0.9054
-21.3912
12.3503
-2.4416
0.9055
-21.8471
11.4662
-2.4389
0.9056
-22.2660
10.5653
-2.4361
0.9057
-23.5615
6.8247
-2.4247
0.9061
-23.9756
4.8946
-2.4188
0.9063
-24.2999
1.9617
-2.4098
0.9067
-24.3286
0.9804
-2.4068
0.9068
-19.5540
-2.3743
-2.3961
0.9237
-19.4229
-3.1565
-2.3936
0.9238
-19.2607
-3.9321
-2.3912
0.9238
-18.8445
-5.4584
-2.3865
0.9240
-18.5913
-6.2067
-2.3842
0.9241
-17.6574
-8.3785
-2.3774
0.9243
-16.4744
-10.4178
-2.3710
0.9245
-16.0279
-11.0633
-2.3690
0.9245
-15.0610
-12.2970
-2.3651
0.9246
-11.6308
-15.4779
-2.3551
0.9250
-10.3279
-16.3322
-2.3506
0.9251
-6.4073
-16.8946
-2.1979
0.9298
-5.7197
-17.1327
-2.1971
0.9298
-5.0236
-17.3436
-2.1964
0.9298
-2.1745
-17.9089
-2.1945
0.9299
-1.4514
-17.9796
-2.1942
0.9299
-0.7262
-18.0220
-2.1940
0.9299
2.1742
-17.9062
-2.1941
0.9299
2.8938
-17.8062
-2.1944
0.9299
3.6090
-17.6780
-2.1947
0.9299
4.5146
-15.5863
-1.9739
0.9367
5.1286
-15.3619
-1.9700
0.9368
7.7483
-16.3291
-2.1986
0.9298
9.6733
-15.2971
-2.2016
0.9297
10.8389
-13.2752
-2.0847
0.9333
11.5255
-13.0096
-2.1142
0.9324
13.1011
-12.5838
-2.2097
0.9294
13.6069
-12.0547
-2.2113
0.9294
14.9956
-10.3507
-2.2164
0.9292
15.8063
-9.1258
-2.2201
0.9291
16.5184
-7.8381
-2.2241
0.9290
17.6276
-5.1059
-2.2324
0.9287
17.9185
-4.4166
-2.2449
0.9283
19.6291
-1.5846
-2.3955
0.9237
11.7850
1.4310
-1.4441
0.9533
11.4167
1.8554
-1.4070
0.9545
11.9554
2.4407
-1.4843
0.9520
13.5980
3.9387
-1.7221
0.9446
18.8693
6.2995
-2.4198
0.9230
16.2547
6.1646
-2.1147
0.9323
18.3368
7.8126
-2.4245
0.9228
17.6819
9.2802
-2.4291
0.9227
16.4787
11.3744
-2.4356
0.9225
14.9240
11.2146
-2.2708
0.9275
15.5362
12.6849
-2.4398
0.9224
14.4881
13.9160
-2.4436
0.9222
13.9265
14.4990
-2.4455
0.9222
13.3410
15.0589
-2.4472
0.9221
11.3345
15.0835
-2.2951
0.9268
10.7247
15.5374
-2.2965
0.9267
9.4506
16.3689
-2.2992
0.9267
8.5213
16.2361
-2.2305
0.9288
5.5578
14.6548
-1.9065
0.9388
0.5499
13.6461
-1.6613
0.9465
-0.0000
13.6778
-1.6638
0.9464
-1.6903
13.9210
-1.7058
0.9451
-2.8691
14.0537
-1.7448
0.9438
-4.9550
14.8423
-1.9034
0.9389
-7.4233
17.4231
-2.3037
0.9265
-8.1155
17.1031
-2.3028
0.9266
-9.2516
16.0241
-2.2507
0.9282
-10.1033
15.9772
-2.2995
0.9267
-12.1117
16.1178
-2.4525
0.9220
-13.3523
15.0717
-2.4493
0.9221
-14.5015
13.9289
-2.4459
0.9222
-15.0394
13.3237
-2.4441
0.9222
-18.0452
8.5626
-2.4296
0.9227
-18.3583
7.8217
-2.4274
0.9227
-19.3005
4.7572
-2.4180
0.9230
-19.4570
3.9722
-2.4156
0.9231
-19.5815
3.1823
-2.4132
0.9232
-19.6739
2.3888
-2.4107
0.9232
-16.6236
-0.0000
-2.4031
0.9350
-16.5413
-1.3353
-2.3990
0.9351
-16.0584
-3.9580
-2.3909
0.9353
-15.8728
-4.5976
-2.3889
0.9354
-15.1660
-6.4616
-2.3831
0.9355
-14.8818
-7.0615
-2.3813
0.9356
-14.5742
-7.6491
-2.3794
0.9356
-14.2436
-8.2235
-2.3776
0.9357
-13.5160
-9.3294
-2.3742
0.9358
-12.7039
-10.3724
-2.3709
0.9359
-12.2679
-10.8684
-2.3693
0.9359
-11.8128
-11.3463
-2.3678
0.9359
-11.3394
-11.8055
-2.3664
0.9360
-10.8484
-12.2454
-2.3650
0.9360
-10.3407
-12.6651
-2.3636
0.9361
-8.7254
-13.7980
-2.3600
0.9361
-6.9896
-14.7304
-2.3570
0.9362
-3.0492
-14.9358
-2.2037
0.9402
-1.8369
-15.1281
-2.2030
0.9403
-0.6135
-15.2241
-2.2026
0.9403
0.0000
-15.2359
-2.2025
0.9403
0.6135
-15.2235
-2.2025
0.9403
1.2260
-15.1869
-2.2026
0.9403
1.8367
-15.1262
-2.2027
0.9403
4.2418
-14.6443
-2.2040
0.9402
5.2087
-12.2253
-1.9210
0.9477
8.6845
-12.5816
-2.2100
0.9401
9.1884
-12.2276
-2.2111
0.9401
9.6782
-11.8536
-2.2122
0.9400
10.1531
-11.4604
-2.2134
0.9400
11.0549
-10.6184
-2.2159
0.9399
11.4805
-10.1708
-2.2173
0.9399
11.8882
-9.7064
-2.2187
0.9399
12.2774
-9.2259
-2.2201
0.9398
12.6475
-8.7299
-2.2216
0.9398
12.9978
-8.2193
-2.2232
0.9397
15.3831
-5.8340
-2.3784
0.9357
15.6463
-5.2235
-2.3846
0.9355
15.8567
-4.5930
-2.3865
0.9355
16.0419
-3.9540
-2.3885
0.9354
16.2016
-3.3076
-2.3904
0.9354
16.5783
-0.6681
-2.3985
0.9351
12.5882
0.5073
-1.8213
0.9504
11.4182
1.8556
-1.6723
0.9543
11.8952
2.4284
-1.7551
0.9521
16.0458
4.6477
-2.4150
0.9347
15.6456
5.9336
-2.4190
0.9346
15.1417
7.1849
-2.4228
0.9345
12.6096
11.1711
-2.4353
0.9342
12.1575
11.6774
-2.4369
0.9341
11.6848
12.1651
-2.4385
0.9341
11.1923
12.6334
-2.4399
0.9341
10.6807
13.0815
-2.4414
0.9340
8.9945
13.0307
-2.2889
0.9380
7.9244
13.7256
-2.2911
0.9380
6.8001
14.3309
-2.2931
0.9379
6.2199
14.5986
-2.2940
0.9379
4.0101
13.8446
-2.0837
0.9434
3.3239
13.4858
-2.0079
0.9454
2.1179
13.0317
-1.9086
0.9480
1.5908
13.1012
-1.9079
0.9481
1.0633
13.1708
-1.9102
0.9480
0.5336
13.2406
-1.9156
0.9479
-0.5393
13.3820
-1.9361
0.9473
-1.0861
13.4541
-1.9513
0.9469
-2.7925
13.6788
-2.0182
0.9451
-4.9544
14.8404
-2.2617
0.9387
-5.6311
14.8481
-2.2956
0.9378
-6.2225
14.6048
-2.2949
0.9379
-7.9287
13.7329
-2.2924
0.9379
-10.1575
13.5172
-2.4443
0.9339
-10.6880
13.0904
-2.4430
0.9340
-11.2003
12.6425
-2.4417
0.9340
-13.0512
10.6560
-2.4357
0.9342
-13.8474
9.5582
-2.4324
0.9343
-14.2109
8.9865
-2.4306
0.9343
-15.1564
7.1918
-2.4252
0.9344
-15.4216
6.5706
-2.4233
0.9345
-15.6612
5.9395
-2.4214
0.9345
-16.0623
4.6525
-2.4174
0.9346
-16.3573
3.3394
-2.4134
0.9348
-16.5449
2.0089
-2.4093
0.9349
-14.3126
-0.5768
-2.4012
0.9436
-14.2672
-1.1518
-2.3994
0.9436
-14.1075
-2.2927
-2.3959
0.9437
-13.8571
-3.4155
-2.3924
0.9438
-13.6985
-3.9678
-2.3907
0.9438
-13.5180
-4.5130
-2.3890
0.9438
-13.3160
-5.0501
-2.3873
0.9439
-12.5846
-6.6049
-2.3825
0.9440
-11.9969
-7.5864
-2.3794
0.9441
-10.9750
-8.9608
-2.3751
0.9442
-10.5993
-9.3901
-2.3738
0.9442
-9.7987
-10.2016
-2.3712
0.9442
-7.5426
-11.9277
-2.3657
0.9444
-7.0535
-12.2170
-2.3648
0.9444
-6.5534
-12.4865
-2.3639
0.9444
-5.5238
-12.9648
-2.3624
0.9444
-4.4602
-13.3599
-2.3611
0.9445
-3.9177
-13.5255
-2.3605
0.9445
-3.3684
-13.6661
-2.3594
0.9445
-2.8092
-13.7605
-2.3543
0.9446
-2.2244
-13.6875
-2.3246
0.9453
-1.0718
-13.2762
-2.2328
0.9474
-0.5306
-13.1667
-2.2089
0.9480
0.0000
-13.1769
-2.2089
0.9480
1.0603
-13.1345
-2.2089
0.9480
2.6365
-12.9142
-2.2095
0.9479
3.6682
-12.6641
-2.2102
0.9479
4.1760
-12.5086
-2.2106
0.9479
5.6576
-11.9232
-2.2123
0.9479
7.0606
-11.1655
-2.2145
0.9478
7.9425
-10.5696
-2.2163
0.9478
8.3654
-10.2457
-2.2173
0.9478
9.5664
-9.1886
-2.2236
0.9476
10.0901
-8.9390
-2.2597
0.9468
11.1771
-8.3991
-2.3437
0.9449
11.9803
-7.5759
-2.3761
0.9441
12.5745
-6.5996
-2.3806
0.9440
13.0819
-5.5737
-2.3837
0.9440
13.5064
-4.5091
-2.3869
0.9439
13.8448
-3.4124
-2.3903
0.9438
13.9810
-2.8542
-2.3920
0.9438
14.2542
-1.1507
-2.3972
0.9436
14.3217
0.0000
-2.4008
0.9436
14.2489
1.7301
-2.4061
0.9434
14.1781
2.3042
-2.4079
0.9434
11.9654
2.4427
-2.0472
0.9517
12.6980
3.1298
-2.1923
0.9483
12.7911
6.7133
-2.4216
0.9431
12.5187
7.2277
-2.4232
0.9431
11.2252
9.1651
-2.4292
0.9429
10.8534
9.6153
-2.4307
0.9429
10.4633
10.0501
-2.4320
0.9429
10.0556
10.4690
-2.4334
0.9428
9.6309
10.8711
-2.4346
0.9428
9.1900
11.2557
-2.4358
0.9428
8.7335
11.6222
-2.4370
0.9427
8.2369
11.9332
-2.4307
0.9429
6.8165
11.8065
-2.2853
0.9462
5.8486
12.3257
-2.2870
0.9462
4.8409
12.7643
-2.2884
0.9461
3.2694
13.2644
-2.2901
0.9461
2.1177
13.0309
-2.2130
0.9479
1.5907
13.1003
-2.2122
0.9479
1.0632
13.1699
-2.2149
0.9478
-1.0860
13.4531
-2.2625
0.9467
-1.4316
8.8090
-1.4960
0.9645
-2.7336
13.3903
-2.2909
0.9461
-3.8010
13.1226
-2.2902
0.9461
-4.8425
12.7685
-2.2892
0.9461
-6.8197
11.8120
-2.2864
0.9462
-7.7420
11.2163
-2.2846
0.9462
-8.7361
11.6257
-2.4377
0.9427
-9.1954
11.2623
-2.4373
0.9427
-9.6368
10.8778
-2.4361
0.9428
-10.8609
9.6219
-2.4323
0.9428
-11.2333
9.1717
-2.4310
0.9429
-11.5868
8.7069
-2.4296
0.9429
-12.5287
7.2335
-2.4251
0.9430
-13.2830
5.6593
-2.4203
0.9431
-13.4908
5.1164
-2.4187
0.9432
-13.6764
4.5658
-2.4170
0.9432
-13.9796
3.4457
-2.4136
0.9433
-14.0968
2.8779
-2.4118
0.9433
-14.3094
1.1552
-2.4065
0.9434
-14.3338
0.5776
-2.4047
0.9435
-12.5884
0.0000
-2.4028
0.9500
-12.5700
-0.5065
-2.4013
0.9501
-12.4723
-1.5144
-2.3982
0.9501
-11.8796
-3.9660
-2.3906
0.9503
-11.5079
-4.9030
-2.3876
0.9503
-11.0629
-5.8063
-2.3848
0.9504
-10.2651
-7.0855
-2.3808
0.9505
-9.9662
-7.4892
-2.3796
0.9505
-9.6516
-7.8803
-2.3783
0.9505
-9.3218
-8.2584
-2.3771
0.9505
-8.9774
-8.6229
-2.3760
0.9506
-8.2469
-9.3088
-2.3738
0.9506
-7.8620
-9.6292
-2.3728
0.9506
-7.4648
-9.9339
-2.3718
0.9507
-6.6363
-10.4944
-2.3700
0.9507
-6.2062
-10.7494
-2.3692
0.9507
-5.3177
-11.2070
-2.3678
0.9507
-4.3964
-11.5924
-2.3665
0.9508
-2.4780
-12.1381
-2.3647
0.9508
-1.4929
-12.2952
-2.3641
0.9508
-0.9965
-12.3444
-2.3639
0.9508
-0.4986
-12.3738
-2.3638
0.9508
0.0000
-12.3828
-2.3636
0.9508
0.4981
-12.3594
-2.3610
0.9509
0.9944
-12.3179
-2.3589
0.9509
1.4884
-12.2583
-2.3570
0.9510
1.9700
-12.1222
-2.3442
0.9512
2.4397
-11.9505
-2.3281
0.9515
2.9036
-11.7802
-2.3159
0.9518
3.3631
-11.6108
-2.3073
0.9520
3.8198
-11.4418
-2.3025
0.9521
4.2751
-11.2725
-2.3012
0.9521
4.7304
-11.1026
-2.3036
0.9520
5.1870
-10.9314
-2.3095
0.9519
7.0319
-10.1875
-2.3628
0.9508
7.8479
-9.6119
-2.3685
0.9507
9.3163
-8.2535
-2.3757
0.9506
10.5408
-6.6656
-2.3805
0.9505
11.0551
-5.8022
-2.3831
0.9504
11.2862
-5.3554
-2.3845
0.9504
11.6943
-4.4350
-2.3873
0.9503
11.8706
-3.9629
-2.3888
0.9503
12.0279
-3.4839
-2.3902
0.9503
12.3834
-2.0125
-2.3947
0.9502
12.4624
-1.5132
-2.3963
0.9502
12.5213
-1.0108
-2.3978
0.9501
12.5599
-0.5061
-2.3993
0.9501
12.5783
0.0000
-2.4009
0.9501
12.5538
1.0134
-2.4040
0.9500
12.5110
1.5191
-2.4056
0.9500
12.4477
2.0229
-2.4071
0.9499
12.1364
3.5153
-2.4118
0.9498
11.9925
4.0037
-2.4133
0.9498
10.9823
6.3407
-2.4206
0.9497
10.7242
6.7816
-2.4219
0.9496
9.1751
8.8128
-2.4283
0.9495
8.8170
9.1794
-2.4295
0.9495
8.4441
9.5314
-2.4306
0.9495
7.6563
10.1887
-2.4327
0.9494
5.5551
10.5843
-2.2817
0.9525
5.1260
10.8028
-2.2824
0.9525
3.0590
9.1628
-1.8439
0.9614
3.3300
11.4966
-2.2846
0.9524
2.8649
11.6235
-2.2851
0.9524
1.9209
11.8199
-2.2857
0.9524
1.4436
11.8889
-2.2860
0.9524
0.4823
11.9682
-2.2863
0.9524
-0.0000
11.9783
-2.2864
0.9524
-0.4823
11.9686
-2.2864
0.9524
-2.3954
11.7333
-2.2858
0.9524
-5.5572
10.5883
-2.2825
0.9525
-7.6600
10.1937
-2.4339
0.9494
-8.4486
9.5365
-2.4319
0.9494
-10.4552
7.2167
-2.4249
0.9496
-11.6545
4.9655
-2.4181
0.9497
-12.1458
3.5181
-2.4136
0.9498
-12.3739
2.5262
-2.4106
0.9499
-12.4576
2.0246
-2.4091
0.9499
-12.5210
1.5203
-2.4075
0.9499
-11.2108
0.0000
-2.4027
0.9552
-11.1615
-0.9010
-2.4000
0.9552
-11.1098
-1.3490
-2.3986
0.9553
-10.9527
-2.2360
-2.3958
0.9553
-10.7251
-3.1066
-2.3931
0.9553
-10.5855
-3.5339
-2.3918
0.9554
-10.4289
-3.9551
-2.3905
0.9554
-9.8604
-5.1751
-2.3867
0.9555
-9.6391
-5.5651
-2.3855
0.9555
-9.4025
-5.9458
-2.3843
0.9555
-8.8850
-6.6767
-2.3820
0.9556
-7.3541
-8.3011
-2.3769
0.9556
-7.0112
-8.5872
-2.3760
0.9557
-6.6573
-8.8593
-2.3751
0.9557
-6.2930
-9.1170
-2.3743
0.9557
-5.1434
-9.8000
-2.3721
0.9557
-4.3360
-10.1769
-2.3709
0.9558
-2.2107
-10.8286
-2.3687
0.9558
-1.7726
-10.9076
-2.3684
0.9558
-1.3319
-10.9691
-2.3682
0.9558
-0.4449
-11.0393
-2.3679
0.9558
0.0000
-11.0480
-2.3678
0.9558
0.4449
-11.0390
-2.3678
0.9558
0.8890
-11.0124
-2.3679
0.9558
1.3318
-10.9681
-2.3680
0.9558
1.7725
-10.9063
-2.3681
0.9558
2.2104
-10.8271
-2.3683
0.9558
2.6448
-10.7305
-2.3686
0.9558
3.0752
-10.6167
-2.3689
0.9558
3.9208
-10.3383
-2.3697
0.9558
4.7420
-9.9935
-2.3707
0.9558
5.9167
-9.3564
-2.3726
0.9557
7.0081
-8.5833
-2.3749
0.9557
7.3507
-8.2972
-2.3757
0.9557
7.6817
-7.9975
-2.3766
0.9556
8.0006
-7.6847
-2.3776
0.9556
9.6332
-5.5617
-2.3840
0.9555
9.8542
-5.1719
-2.3852
0.9555
10.4219
-3.9525
-2.3889
0.9554
10.5783
-3.5316
-2.3902
0.9554
10.8401
-2.6718
-2.3928
0.9554
10.9450
-2.2344
-2.3941
0.9553
11.1536
-0.9004
-2.3982
0.9553
11.2028
0.0000
-2.4010
0.9552
11.2002
0.4513
-2.4024
0.9552
11.1794
0.9025
-2.4038
0.9552
11.1404
1.3527
-2.4052
0.9551
11.0833
1.8012
-2.4066
0.9551
10.9149
2.6903
-2.4093
0.9551
10.8038
3.1294
-2.4107
0.9550
10.5287
3.9930
-2.4134
0.9550
10.3650
4.4161
-2.4147
0.9550
9.7726
5.6422
-2.4185
0.9549
9.5423
6.0342
-2.4197
0.9549
8.7580
7.1507
-2.4232
0.9548
8.1616
7.8393
-2.4254
0.9548
7.1659
8.7766
-2.4284
0.9547
6.8092
9.0614
-2.4293
0.9547
6.4411
9.3315
-2.4301
0.9547
6.0622
9.5865
-2.4309
0.9547
2.1293
10.4298
-2.2814
0.9574
1.7078
10.5083
-2.2817
0.9574
1.2834
10.5696
-2.2819
0.9574
0.4288
10.6399
-2.2822
0.9574
-0.0000
10.6488
-2.2823
0.9574
-0.4288
10.6402
-2.2823
0.9574
-0.8568
10.6141
-2.2822
0.9574
-0.8885
4.3522
-0.9520
0.9820
-1.0544
4.2780
-0.9443
0.9821
-1.2272
4.2367
-0.9453
0.9821
-1.3982
4.1882
-0.9463
0.9821
-4.5593
9.6086
-2.2794
0.9574
-6.0425
9.5554
-2.4231
0.9548
-6.8121
9.0653
-2.4303
0.9547
-7.1691
8.7806
-2.4295
0.9547
-8.4714
7.5050
-2.4256
0.9548
-9.3017
6.4205
-2.4224
0.9548
-9.5481
6.0379
-2.4212
0.9548
-9.7787
5.6457
-2.4200
0.9549
-9.9930
5.2447
-2.4188
0.9549
-10.5358
3.9957
-2.4150
0.9550
-10.8113
3.1315
-2.4123
0.9550
-10.9225
2.6921
-2.4110
0.9550
-11.0158
2.2489
-2.4096
0.9550
-11.1484
1.3536
-2.4069
0.9551
-10.0819
-0.4063
-2.4014
0.9594
-10.0521
-0.8115
-2.4001
0.9594
-9.9439
-1.6161
-2.3977
0.9594
-9.7716
-2.4085
-2.3952
0.9595
-9.5365
-3.1838
-2.3928
0.9595
-9.2404
-3.9370
-2.3905
0.9595
-9.0700
-4.3038
-2.3893
0.9596
-8.6862
-5.0150
-2.3871
0.9596
-8.2471
-5.6926
-2.3850
0.9596
-8.0078
-6.0175
-2.3839
0.9597
-7.4915
-6.6369
-2.3820
0.9597
-7.2154
-6.9305
-2.3811
0.9597
-6.3206
-7.7413
-2.3785
0.9597
-6.0018
-7.9870
-2.3777
0.9598
-5.6735
-8.2196
-2.3770
0.9598
-3.9097
-9.1764
-2.3739
0.9598
-3.1574
-9.4575
-2.3730
0.9598
-2.7736
-9.5754
-2.3726
0.9598
-2.3854
-9.6779
-2.3722
0.9598
-1.9935
-9.7649
-2.3719
0.9598
-1.2011
-9.8918
-2.3715
0.9599
-0.4012
-9.9553
-2.3712
0.9599
0.0000
-9.9631
-2.3712
0.9599
0.4012
-9.9550
-2.3712
0.9599
0.8017
-9.9310
-2.3712
0.9599
1.2010
-9.8910
-2.3713
0.9599
1.5984
-9.8352
-2.3714
0.9599
1.9933
-9.7637
-2.3716
0.9599
2.3850
-9.6765
-2.3719
0.9599
2.7731
-9.5737
-2.3722
0.9598
3.1568
-9.4557
-2.3725
0.9598
3.5355
-9.3224
-2.3729
0.9598
4.6362
-8.8335
-2.3743
0.9598
5.6715
-8.2166
-2.3761
0.9598
6.6267
-7.4800
-2.3783
0.9597
6.9248
-7.2095
-2.3791
0.9597
7.4880
-6.6337
-2.3809
0.9597
8.0037
-6.0144
-2.3827
0.9597
8.4688
-5.3554
-2.3847
0.9596
8.6814
-5.0122
-2.3858
0.9596
9.0648
-4.3013
-2.3879
0.9596
9.2349
-3.9346
-2.3890
0.9596
9.3903
-3.5613
-2.3902
0.9595
9.6559
-2.7968
-2.3925
0.9595
9.7655
-2.4070
-2.3937
0.9595
9.8595
-2.0128
-2.3949
0.9595
9.9376
-1.6150
-2.3961
0.9594
10.0457
-0.8110
-2.3986
0.9594
10.0754
-0.4060
-2.3998
0.9594
10.0888
0.0000
-2.4011
0.9594
10.0859
0.4065
-2.4023
0.9593
10.0666
0.8127
-2.4036
0.9593
9.9790
1.6217
-2.4061
0.9593
9.8262
2.4219
-2.4086
0.9592
9.7257
2.8171
-2.4098
0.9592
9.4769
3.5941
-2.4122
0.9592
8.9876
4.7171
-2.4157
0.9591
8.1292
6.1087
-2.4201
0.9591
7.8799
6.4338
-2.4211
0.9590
7.6176
6.7486
-2.4221
0.9590
7.3426
7.0526
-2.4230
0.9590
7.0553
7.3454
-2.4240
0.9590
6.4460
7.8949
-2.4257
0.9590
5.7936
8.3935
-2.4273
0.9589
5.1024
8.8377
-2.4287
0.9589
3.3923
8.9448
-2.2768
0.9614
3.0300
9.0758
-2.2772
0.9614
1.1541
9.5046
-2.2787
0.9614
0.7705
9.5440
-2.2788
0.9614
0.3856
9.5677
-2.2789
0.9614
-0.1858
4.6114
-1.0984
0.9812
-0.3455
4.2801
-1.0220
0.9825
-0.8089
3.9622
-0.9624
0.9835
-1.2707
3.8063
-0.9550
0.9836
-1.8187
3.8328
-1.0097
0.9827
-2.0764
3.9562
-1.0634
0.9818
-5.4545
8.6256
-2.4289
0.9589
-6.4487
7.8982
-2.4267
0.9589
-6.7592
7.6296
-2.4259
0.9590
-7.3460
7.0559
-2.4242
0.9590
-7.8839
6.4370
-2.4223
0.9590
-8.1334
6.1118
-2.4213
0.9590
-8.5915
5.4329
-2.4193
0.9591
-8.9928
4.7197
-2.4171
0.9591
-9.1712
4.3518
-2.4160
0.9591
-9.3346
3.9771
-2.4148
0.9591
-9.6150
3.2100
-2.4125
0.9592
-9.7317
2.8188
-2.4113
0.9592
-9.9169
2.0246
-2.4089
0.9592
-9.9853
1.6227
-2.4076
0.9593
-10.0374
1.2187
-2.4064
0.9593
-10.0731
0.8132
-2.4051
0.9593
-9.1728
-0.0000
-2.4026
0.9628
-8.9663
-1.8305
-2.3969
0.9629
-8.7818
-2.5437
-2.3947
0.9629
-8.5409
-3.2392
-2.3925
0.9629
-8.2453
-3.9125
-2.3904
0.9630
-7.8971
-4.5594
-2.3884
0.9630
-7.7040
-4.8717
-2.3875
0.9630
-7.4985
-5.1759
-2.3865
0.9630
-7.0523
-5.7581
-2.3847
0.9631
-6.8123
-6.0352
-2.3838
0.9631
-6.3002
-6.5592
-2.3821
0.9631
-6.0290
-6.8053
-2.3814
0.9631
-5.1601
-7.4757
-2.3792
0.9631
-4.8536
-7.6754
-2.3786
0.9631
-4.5395
-7.8626
-2.3780
0.9632
-3.8903
-8.1987
-2.3769
0.9632
-3.2167
-8.4818
-2.3760
0.9632
-2.5230
-8.7104
-2.3752
0.9632
-1.8134
-8.8829
-2.3746
0.9632
-0.7293
-9.0347
-2.3741
0.9632
-0.3649
-9.0563
-2.3740
0.9632
0.0000
-9.0635
-2.3739
0.9632
0.3650
-9.0562
-2.3739
0.9632
0.7293
-9.0343
-2.3740
0.9632
1.0926
-8.9979
-2.3741
0.9632
1.4540
-8.9471
-2.3742
0.9632
2.1696
-8.8025
-2.3746
0.9632
2.5226
-8.7090
-2.3748
0.9632
2.8716
-8.6014
-2.3752
0.9632
5.4566
-7.2614
-2.3791
0.9631
6.5587
-6.2997
-2.3820
0.9631
6.8093
-6.0325
-2.3828
0.9631
7.4950
-5.1734
-2.3854
0.9630
7.7002
-4.8693
-2.3863
0.9630
7.8931
-4.5571
-2.3872
0.9630
8.2410
-3.9104
-2.3892
0.9630
8.3954
-3.5769
-2.3902
0.9630
8.5363
-3.2374
-2.3912
0.9630
8.6635
-2.8923
-2.3923
0.9629
8.7769
-2.5422
-2.3934
0.9629
8.8761
-2.1878
-2.3944
0.9629
9.0877
-1.1034
-2.3978
0.9629
9.1291
-0.7370
-2.3989
0.9628
9.1557
-0.3689
-2.4000
0.9628
9.1674
0.0000
-2.4012
0.9628
9.1464
0.7384
-2.4034
0.9628
9.1135
1.1066
-2.4046
0.9628
9.0658
1.4733
-2.4057
0.9627
9.0034
1.8381
-2.4068
0.9627
8.9262
2.2001
-2.4080
0.9627
8.8345
2.5590
-2.4091
0.9627
8.7283
2.9139
-2.4102
0.9627
8.6078
3.2645
-2.4113
0.9626
8.3245
3.9500
-2.4134
0.9626
8.1622
4.2839
-2.4144
0.9626
7.9865
4.6110
-2.4155
0.9626
7.3814
5.5468
-2.4184
0.9625
7.1548
5.8417
-2.4193
0.9625
6.9164
6.1274
-2.4202
0.9625
6.1337
6.9235
-2.4227
0.9625
5.2592
7.6194
-2.4249
0.9624
4.6316
8.0221
-2.4262
0.9624
4.3058
8.2041
-2.4268
0.9624
3.2800
8.6486
-2.4227
0.9625
2.8784
8.6220
-2.3808
0.9631
2.4597
8.4919
-2.3156
0.9641
2.0789
8.4344
-2.2753
0.9647
1.3938
8.5762
-2.2758
0.9647
0.1954
4.8484
-1.2710
0.9801
0.0000
4.3997
-1.1524
0.9820
-0.1665
4.1318
-1.0831
0.9830
-0.7526
3.6864
-0.9855
0.9846
-1.0367
3.5790
-0.9760
0.9847
-1.1849
3.5492
-0.9801
0.9846
-1.6838
3.5486
-1.0288
0.9839
-1.8845
3.5906
-1.0621
0.9834
-2.1228
3.6769
-1.1121
0.9826
-5.5621
7.4019
-2.4251
0.9624
-5.8540
7.1699
-2.4244
0.9624
-6.1361
6.9263
-2.4237
0.9625
-6.4080
6.6715
-2.4229
0.9625
-6.9194
6.1301
-2.4213
0.9625
-7.3849
5.5494
-2.4195
0.9625
-7.5995
5.2455
-2.4186
0.9625
-7.8014
4.9333
-2.4177
0.9626
-7.9906
4.6133
-2.4167
0.9626
-8.3289
3.9521
-2.4147
0.9626
-8.4777
3.6120
-2.4136
0.9626
-8.6125
3.2663
-2.4126
0.9626
-8.9313
2.2014
-2.4093
0.9627
-9.0711
1.4742
-2.4071
0.9627
-9.1517
0.7388
-2.4048
0.9627
-8.3964
0.0000
-2.4025
0.9657
-8.3859
-0.3379
-2.4015
0.9657
-8.3243
-1.0108
-2.3994
0.9657
-8.2734
-1.3446
-2.3984
0.9657
-8.2090
-1.6759
-2.3973
0.9657
-8.1314
-2.0042
-2.3963
0.9658
-7.8208
-2.9660
-2.3933
0.9658
-7.5507
-3.5828
-2.3914
0.9658
-7.3974
-3.8825
-2.3905
0.9658
-6.6689
-5.0114
-2.3869
0.9659
-6.2398
-5.5280
-2.3853
0.9659
-6.0102
-5.7729
-2.3845
0.9659
-5.7711
-6.0083
-2.3838
0.9659
-5.5228
-6.2340
-2.3831
0.9659
-5.0005
-6.6544
-2.3818
0.9660
-4.7272
-6.8486
-2.3811
0.9660
-4.4466
-7.0317
-2.3805
0.9660
-2.9472
-7.7712
-2.3782
0.9660
-2.6315
-7.8823
-2.3778
0.9660
-1.3324
-8.1987
-2.3767
0.9660
-0.3344
-8.2982
-2.3763
0.9660
0.6683
-8.2779
-2.3763
0.9660
2.3113
-7.9796
-2.3771
0.9660
3.2576
-7.6459
-2.3781
0.9660
3.5634
-7.5098
-2.3785
0.9660
3.8637
-7.3616
-2.3789
0.9660
4.1578
-7.2014
-2.3794
0.9660
4.9989
-6.6523
-2.3810
0.9660
5.2641
-6.4473
-2.3816
0.9660
6.0079
-5.7707
-2.3836
0.9659
6.2373
-5.5258
-2.3844
0.9659
6.8648
-4.7384
-2.3867
0.9659
7.0525
-4.4597
-2.3876
0.9659
7.3939
-3.8806
-2.3893
0.9659
7.8169
-2.9645
-2.3921
0.9658
7.9331
-2.6485
-2.3931
0.9658
8.0366
-2.3278
-2.3941
0.9658
8.1272
-2.0032
-2.3951
0.9658
8.3200
-1.0102
-2.3981
0.9657
8.3575
-0.6747
-2.3992
0.9657
8.3416
1.0128
-2.4044
0.9656
8.2976
1.3485
-2.4054
0.9656
8.2401
1.6822
-2.4064
0.9656
8.1692
2.0135
-2.4074
0.9656
8.0849
2.3418
-2.4085
0.9656
7.8768
2.9873
-2.4105
0.9656
7.7533
3.3033
-2.4115
0.9655
7.6170
3.6143
-2.4124
0.9655
7.4683
3.9196
-2.4134
0.9655
7.1341
4.5113
-2.4152
0.9655
6.5454
5.3441
-2.4178
0.9655
5.6106
6.3330
-2.4210
0.9654
5.3526
6.5557
-2.4217
0.9654
4.8103
6.9689
-2.4230
0.9654
4.5269
7.1588
-2.4236
0.9654
4.2360
7.3370
-2.4241
0.9654
3.6334
7.6573
-2.4252
0.9654
3.3228
7.7989
-2.4256
0.9653
2.3569
8.1369
-2.4240
0.9654
2.0252
8.2164
-2.4214
0.9654
0.3699
4.5821
-1.3154
0.9811
0.1696
4.2077
-1.2049
0.9826
0.0000
4.0143
-1.1487
0.9834
-0.5722
3.5208
-1.0207
0.9853
-0.7114
3.4848
-1.0177
0.9853
-0.8591
3.4854
-1.0272
0.9852
-1.0087
3.4824
-1.0374
0.9850
-1.1633
3.4846
-1.0512
0.9848
-1.3221
3.4862
-1.0669
0.9846
-2.0303
3.5166
-1.1619
0.9832
-2.2383
3.5396
-1.1983
0.9827
-2.4681
3.5757
-1.2432
0.9821
-5.3544
6.5579
-2.4225
0.9654
-5.8614
6.1024
-2.4211
0.9654
-6.3296
5.6075
-2.4196
0.9654
-7.1373
4.5134
-2.4163
0.9655
-7.6207
3.6161
-2.4136
0.9655
-7.9914
2.6679
-2.4107
0.9656
-8.1734
2.0146
-2.4087
0.9656
-8.3020
1.3492
-2.4067
0.9656
-8.3764
0.6762
-2.4046
0.9656
-7.7240
-0.3113
-2.4015
0.9681
-7.5620
-1.5438
-2.3977
0.9682
-7.4075
-2.1456
-2.3958
0.9682
-7.0868
-3.0194
-2.3931
0.9682
-6.3285
-4.3683
-2.3889
0.9683
-5.7503
-5.0943
-2.3866
0.9683
-5.3186
-5.5373
-2.3852
0.9684
-5.0900
-5.7454
-2.3846
0.9684
-4.8532
-5.9441
-2.3839
0.9684
-4.0984
-6.4811
-2.3822
0.9684
-3.8333
-6.6394
-2.3817
0.9684
-3.5621
-6.7871
-2.3812
0.9684
-3.2853
-6.9237
-2.3808
0.9684
-3.0034
-7.0491
-2.3804
0.9684
-2.1309
-7.3566
-2.3794
0.9684
-1.8327
-7.4356
-2.3791
0.9684
-1.5317
-7.5027
-2.3789
0.9684
-0.6160
-7.6311
-2.3784
0.9684
-0.3083
-7.6495
-2.3783
0.9684
0.0000
-7.6555
-2.3783
0.9684
0.6160
-7.6308
-2.3783
0.9684
0.9228
-7.6000
-2.3784
0.9684
1.8325
-7.4348
-2.3788
0.9684
2.1306
-7.3556
-2.3790
0.9684
2.4253
-7.2647
-2.3793
0.9684
2.7162
-7.1620
-2.3796
0.9684
3.2846
-6.9222
-2.3803
0.9684
3.5613
-6.7855
-2.3807
0.9684
4.0973
-6.4794
-2.3816
0.9684
4.6074
-6.1313
-2.3826
0.9684
4.8517
-5.9422
-2.3832
0.9684
5.0883
-5.7435
-2.3838
0.9684
5.3168
-5.5354
-2.3844
0.9684
5.9504
-4.8583
-2.3864
0.9683
6.3259
-4.3665
-2.3879
0.9683
6.9539
-3.2997
-2.3912
0.9683
7.0836
-3.0180
-2.3920
0.9683
7.2020
-2.7314
-2.3929
0.9683
7.3089
-2.4401
-2.3938
0.9682
7.4040
-2.1446
-2.3947
0.9682
7.6174
-1.2379
-2.3975
0.9682
7.6641
-0.9306
-2.3984
0.9682
7.6983
-0.6215
-2.3994
0.9682
7.7202
-0.3111
-2.4003
0.9682
7.5229
1.8542
-2.4070
0.9681
7.3550
2.4554
-2.4089
0.9680
7.1389
3.0416
-2.4107
0.9680
6.2167
4.6715
-2.4158
0.9680
6.0255
4.9196
-2.4166
0.9679
5.1644
5.8294
-2.4194
0.9679
4.9268
6.0342
-2.4201
0.9679
4.6810
6.2293
-2.4207
0.9679
4.1666
6.5889
-2.4218
0.9679
3.8987
6.7528
-2.4224
0.9679
3.6244
6.9057
-2.4229
0.9679
3.3440
7.0474
-2.4233
0.9679
3.0581
7.1776
-2.4237
0.9678
2.7670
7.2960
-2.4241
0.9678
1.2047
4.8878
-1.5639
0.9791
0.9633
4.7183
-1.4960
0.9800
0.3295
4.0820
-1.2723
0.9830
0.0000
3.7450
-1.1634
0.9844
-0.1458
3.6189
-1.1252
0.9849
-0.7042
3.4495
-1.0937
0.9854
-1.1489
3.4415
-1.1271
0.9849
-1.3056
3.4425
-1.1438
0.9847
-1.8071
3.4432
-1.2080
0.9838
-2.3920
3.4654
-1.3081
0.9825
-4.9283
6.0361
-2.4208
0.9679
-5.6155
5.3937
-2.4189
0.9679
-5.8265
5.1618
-2.4182
0.9679
-6.2191
4.6733
-2.4167
0.9679
-6.8791
3.6104
-2.4135
0.9680
-7.2562
2.7519
-2.4109
0.9680
-7.4485
2.1575
-2.4091
0.9680
-7.5921
1.5499
-2.4072
0.9681
-7.6861
0.9333
-2.4053
0.9681
-7.7301
0.3115
-2.4034
0.9681
-6.8597
-1.9869
-2.3963
0.9703
-6.6729
-2.5307
-2.3946
0.9703
-6.5633
-2.7964
-2.3938
0.9703
-6.4432
-3.0573
-2.3929
0.9704
-6.0218
-3.8079
-2.3906
0.9704
-5.8617
-4.0461
-2.3899
0.9704
-5.6923
-4.2775
-2.3891
0.9704
-4.9269
-5.1295
-2.3864
0.9704
-4.4959
-5.5065
-2.3853
0.9705
-3.7969
-6.0043
-2.3837
0.9705
-3.5513
-6.1511
-2.3832
0.9705
-2.5170
-6.6367
-2.3816
0.9705
-0.8551
-7.0422
-2.3802
0.9705
-0.5708
-7.0705
-2.3801
0.9705
0.0000
-7.0932
-2.3800
0.9705
0.5708
-7.0703
-2.3800
0.9705
0.8550
-7.0418
-2.3801
0.9705
1.1379
-7.0019
-2.3802
0.9705
1.9741
-6.8152
-2.3807
0.9705
2.7821
-6.5298
-2.3815
0.9705
3.0432
-6.4134
-2.3819
0.9705
3.2995
-6.2866
-2.3822
0.9705
3.7960
-6.0028
-2.3831
0.9705
4.0354
-5.8463
-2.3835
0.9705
4.2684
-5.6802
-2.3840
0.9705
4.4947
-5.5049
-2.3846
0.9705
5.3248
-4.7173
-2.3869
0.9704
5.6903
-4.2759
-2.3883
0.9704
6.1698
-3.5621
-2.3904
0.9704
6.3102
-3.3118
-2.3912
0.9704
6.4405
-3.0561
-2.3920
0.9704
6.6700
-2.5296
-2.3936
0.9704
6.7688
-2.2597
-2.3944
0.9703
7.1282
-0.5754
-2.3996
0.9703
7.1535
0.2883
-2.4022
0.9702
7.0745
1.1497
-2.4049
0.9702
7.0250
1.4342
-2.4057
0.9702
6.9641
1.7165
-2.4066
0.9702
6.3643
3.3402
-2.4117
0.9701
6.2267
3.5950
-2.4125
0.9701
6.0788
3.8440
-2.4132
0.9701
5.9210
4.0870
-2.4140
0.9701
5.5763
4.5529
-2.4155
0.9701
5.3900
4.7751
-2.4162
0.9701
5.1948
4.9897
-2.4168
0.9701
4.3315
5.7642
-2.4193
0.9700
3.6075
6.2483
-2.4208
0.9700
3.3536
6.3897
-2.4213
0.9700
2.5602
6.7506
-2.4225
0.9700
2.2866
6.8491
-2.4228
0.9700
1.2901
4.4538
-1.5558
0.9806
0.8743
4.2825
-1.4666
0.9817
0.6696
4.1203
-1.4007
0.9825
0.4836
3.9828
-1.3462
0.9832
0.3075
3.8092
-1.2823
0.9840
0.1473
3.6557
-1.2276
0.9847
-0.1383
3.4319
-1.1525
0.9856
-0.2765
3.4249
-1.1529
0.9856
-0.4149
3.4172
-1.1550
0.9856
-0.5548
3.4139
-1.1605
0.9855
-0.6971
3.4144
-1.1693
0.9854
-0.9875
3.4095
-1.1910
0.9851
-1.1354
3.4009
-1.2030
0.9850
-1.7791
3.3897
-1.2845
0.9840
-2.1355
3.3770
-1.3406
0.9833
-2.3328
3.3796
-1.3779
0.9828
-4.5603
5.5854
-2.4194
0.9700
-4.9926
5.1978
-2.4183
0.9700
-5.7555
4.3250
-2.4156
0.9701
-6.6107
2.8166
-2.4111
0.9701
-6.8112
2.2739
-2.4094
0.9702
-6.9672
1.7173
-2.4077
0.9702
-7.0777
1.1502
-2.4060
0.9702
-7.1156
0.8640
-2.4051
0.9702
-7.1420
0.5766
-2.4042
0.9702
-6.3806
-1.8482
-2.3967
0.9721
-6.2071
-2.3541
-2.3951
0.9722
-6.1054
-2.6013
-2.3943
0.9722
-5.8726
-3.0822
-2.3928
0.9722
-5.4534
-3.7642
-2.3907
0.9722
-5.2959
-3.9796
-2.3900
0.9722
-4.5841
-4.7726
-2.3875
0.9723
-2.5893
-6.0774
-2.3833
0.9723
-2.0914
-6.2644
-2.3827
0.9723
-1.5802
-6.4111
-2.3822
0.9723
-0.7957
-6.5534
-2.3817
0.9723
-0.2658
-6.5957
-2.3816
0.9723
0.0000
-6.6010
-2.3815
0.9723
0.5312
-6.5796
-2.3816
0.9723
2.0911
-6.2636
-2.3824
0.9723
3.3039
-5.7225
-2.3840
0.9723
3.5322
-5.5858
-2.3844
0.9723
3.9717
-5.2854
-2.3853
0.9723
4.1822
-5.1222
-2.3858
0.9723
4.7723
-4.5839
-2.3874
0.9723
4.9542
-4.3891
-2.3880
0.9722
5.1283
-4.1871
-2.3886
0.9722
5.2941
-3.9783
-2.3892
0.9722
5.9915
-2.8430
-2.3927
0.9722
6.3781
-1.8474
-2.3957
0.9722
6.6006
-0.8014
-2.3989
0.9721
6.6298
-0.5352
-2.3997
0.9721
6.6559
0.0000
-2.4014
0.9721
6.6528
0.2681
-2.4022
0.9721
6.6389
0.5359
-2.4030
0.9721
6.6142
0.8031
-2.4038
0.9721
6.5326
1.3336
-2.4055
0.9720
6.4084
1.8562
-2.4071
0.9720
6.2424
2.3674
-2.4087
0.9720
6.1440
2.6177
-2.4095
0.9720
6.0355
2.8639
-2.4102
0.9720
5.9171
3.1056
-2.4110
0.9720
5.7891
3.3423
-2.4117
0.9720
5.6515
3.5738
-2.4124
0.9720
5.5046
3.7996
-2.4132
0.9720
4.8291
4.6384
-2.4158
0.9719
4.6396
4.8303
-2.4164
0.9719
4.2379
5.1905
-2.4175
0.9719
4.0263
5.3581
-2.4181
0.9719
3.5836
5.6670
-2.4191
0.9719
3.3531
5.8078
-2.4195
0.9719
3.1171
5.9391
-2.4199
0.9719
2.8759
6.0608
-2.4203
0.9719
2.6299
6.1726
-2.4207
0.9719
1.3820
4.1397
-1.5746
0.9816
0.9831
3.9886
-1.4821
0.9827
0.6304
3.8791
-1.4179
0.9834
0.1397
3.4662
-1.2516
0.9854
0.0000
3.4052
-1.2285
0.9856
-0.4109
3.3844
-1.2300
0.9856
-0.6899
3.3795
-1.2444
0.9854
-0.8329
3.3792
-1.2557
0.9853
-0.9771
3.3734
-1.2671
0.9852
-1.1232
3.3645
-1.2797
0.9850
-1.2729
3.3564
-1.2951
0.9849
-1.4287
3.3534
-1.3151
0.9846
-1.7514
3.3371
-1.3597
0.9841
-1.9178
3.3217
-1.3838
0.9838
-2.2863
3.3123
-1.4521
0.9830
-2.5165
3.3488
-1.5113
0.9823
-4.2390
5.1919
-2.4182
0.9719
-4.4437
5.0159
-2.4177
0.9719
-4.6409
4.8317
-2.4171
0.9719
-4.8306
4.6398
-2.4165
0.9719
-5.3505
4.0207
-2.4147
0.9719
-5.6535
3.5751
-2.4133
0.9720
-5.9194
3.1067
-2.4119
0.9720
-6.2449
2.3683
-2.4096
0.9720
-6.3331
2.1143
-2.4089
0.9720
-6.4785
1.5968
-2.4073
0.9720
-6.5815
1.0696
-2.4057
0.9720
-6.6170
0.8034
-2.4049
0.9721
-6.6417
0.5362
-2.4040
0.9721
-6.1923
-0.4999
-2.4008
0.9737
-6.1281
-0.9959
-2.3993
0.9737
-6.0811
-1.2415
-2.3985
0.9737
-5.7011
-2.4290
-2.3948
0.9738
-5.3621
-3.0958
-2.3927
0.9738
-4.7909
-3.9117
-2.3902
0.9738
-4.4584
-4.2824
-2.3890
0.9738
-4.0975
-4.6252
-2.3879
0.9738
-3.7105
-4.9378
-2.3869
0.9739
-3.5080
-5.0823
-2.3865
0.9739
-3.0866
-5.3462
-2.3856
0.9739
-2.6456
-5.5755
-2.3849
0.9739
-2.1878
-5.7687
-2.3843
0.9739
-1.4760
-5.9885
-2.3835
0.9739
-1.2336
-6.0427
-2.3833
0.9739
-0.4962
-6.1463
-2.3830
0.9739
-0.2483
-6.1611
-2.3829
0.9739
0.0000
-6.1661
-2.3829
0.9739
0.2483
-6.1611
-2.3829
0.9739
0.7433
-6.1213
-2.3830
0.9739
1.7159
-5.9241
-2.3835
0.9739
1.9533
-5.8508
-2.3837
0.9739
2.4183
-5.6758
-2.3842
0.9739
2.6451
-5.5745
-2.3845
0.9739
3.0860
-5.3451
-2.3852
0.9739
3.2992
-5.2173
-2.3855
0.9739
3.5072
-5.0811
-2.3859
0.9739
3.9062
-4.7842
-2.3868
0.9739
4.0965
-4.6240
-2.3873
0.9739
4.2802
-4.4562
-2.3878
0.9739
4.6270
-4.0992
-2.3889
0.9738
4.7895
-3.9105
-2.3895
0.9738
5.2299
-3.3072
-2.3913
0.9738
5.7939
-2.1973
-2.3947
0.9738
5.8794
-1.9628
-2.3954
0.9738
6.0787
-1.2410
-2.3976
0.9737
6.1628
-0.7483
-2.3991
0.9737
6.1899
-0.4997
-2.3999
0.9737
6.2070
-0.2501
-2.4006
0.9737
6.2140
-0.0000
-2.4014
0.9737
6.1746
0.7497
-2.4037
0.9737
6.1414
0.9981
-2.4045
0.9737
5.9092
1.9728
-2.4075
0.9736
5.8267
2.2098
-2.4082
0.9736
5.7347
2.4434
-2.4090
0.9736
5.5228
2.8986
-2.4104
0.9736
5.2746
3.3355
-2.4117
0.9736
4.9918
3.7511
-2.4130
0.9736
4.6762
4.1428
-2.4143
0.9736
3.9547
4.8437
-2.4165
0.9735
3.3440
5.2881
-2.4179
0.9735
2.6835
5.6554
-2.4191
0.9735
2.4540
5.7597
-2.4194
0.9735
1.4930
3.9367
-1.6271
0.9821
1.0886
3.7582
-1.5120
0.9834
0.7598
3.7216
-1.4679
0.9838
0.2750
3.4060
-1.3206
0.9855
0.0000
3.3665
-1.3010
0.9857
-0.2712
3.3594
-1.3025
0.9857
-0.4070
3.3517
-1.3048
0.9856
-0.9667
3.3375
-1.3428
0.9852
-1.1112
3.3283
-1.3560
0.9851
-1.4106
3.3108
-1.3907
0.9847
-1.5652
3.2986
-1.4110
0.9845
-1.8934
3.2795
-1.4634
0.9839
-2.0704
3.2741
-1.4971
0.9835
-2.2647
3.2810
-1.5407
0.9830
-4.5080
4.3300
-2.4156
0.9736
-4.8395
3.9513
-2.4144
0.9736
-5.2764
3.3366
-2.4126
0.9736
-5.4050
3.1206
-2.4119
0.9736
-5.7368
2.4442
-2.4098
0.9736
-6.0473
1.4905
-2.4069
0.9736
-6.1438
0.9985
-2.4054
0.9737
-6.2134
0.2504
-2.4031
0.9737
-5.8005
-0.4683
-2.4009
0.9751
-5.7406
-0.9329
-2.3994
0.9751
-5.6967
-1.1630
-2.3987
0.9752
-5.5101
-1.8396
-2.3966
0.9752
-5.4300
-2.0594
-2.3959
0.9752
-5.3412
-2.2757
-2.3953
0.9752
-5.2438
-2.4882
-2.3946
0.9752
-5.0239
-2.9005
-2.3933
0.9752
-4.9017
-3.0997
-2.3927
0.9752
-4.7717
-3.2937
-2.3921
0.9752
-4.4890
-3.6652
-2.3909
0.9752
-4.3368
-3.8421
-2.3904
0.9752
-4.0118
-4.1768
-2.3893
0.9753
-3.8396
-4.3340
-2.3888
0.9753
-3.6612
-4.4842
-2.3883
0.9753
-3.4770
-4.6271
-2.3879
0.9753
-3.0923
-4.8902
-2.3870
0.9753
-2.8925
-5.0099
-2.3867
0.9753
-2.6880
-5.1215
-2.3863
0.9753
-2.4792
-5.2249
-2.3860
0.9753
-2.2665
-5.3198
-2.3857
0.9753
-2.0502
-5.4061
-2.3854
0.9753
-1.8307
-5.4837
-2.3851
0.9753
-1.6083
-5.5524
-2.3849
0.9753
-1.3833
-5.6122
-2.3847
0.9753
-1.1561
-5.6629
-2.3845
0.9753
-0.4650
-5.7601
-2.3842
0.9753
-0.2327
-5.7740
-2.3841
0.9753
0.2327
-5.7740
-2.3841
0.9753
0.6966
-5.7367
-2.3841
0.9753
0.9270
-5.7042
-2.3842
0.9753
1.1560
-5.6625
-2.3843
0.9753
1.6081
-5.5518
-2.3846
0.9753
2.0500
-5.4054
-2.3851
0.9753
2.2662
-5.3190
-2.3853
0.9753
2.4788
-5.2241
-2.3856
0.9753
2.6875
-5.1207
-2.3859
0.9753
2.8919
-5.0090
-2.3862
0.9753
3.4763
-4.6260
-2.3874
0.9753
3.6604
-4.4831
-2.3878
0.9753
3.8386
-4.3329
-2.3882
0.9753
4.0108
-4.1757
-2.3887
0.9753
4.4878
-3.6641
-2.3902
0.9752
4.6327
-3.4813
-2.3908
0.9752
4.9002
-3.0987
-2.3919
0.9752
5.2420
-2.4874
-2.3938
0.9752
5.4282
-2.0586
-2.3951
0.9752
5.5794
-1.6161
-2.3965
0.9752
5.7385
-0.9326
-2.3986
0.9752
5.7731
-0.7010
-2.3993
0.9752
5.8142
-0.2343
-2.4007
0.9751
5.8207
0.0000
-2.4014
0.9751
5.8177
0.2344
-2.4021
0.9751
5.8053
0.4686
-2.4029
0.9751
5.7835
0.7023
-2.4036
0.9751
5.6617
1.3955
-2.4057
0.9751
5.6026
1.6228
-2.4064
0.9751
5.5343
1.8476
-2.4071
0.9751
5.4570
2.0696
-2.4078
0.9751
5.3707
2.2883
-2.4085
0.9751
5.1720
2.7145
-2.4098
0.9750
4.8109
3.3207
-2.4117
0.9750
4.5303
3.6989
-2.4129
0.9750
4.3788
3.8792
-2.4135
0.9750
4.0402
4.2063
-2.4062
0.9751
3.8608
4.3579
-2.4020
0.9751
3.3273
4.8204
-2.4165
0.9750
2.9296
5.0742
-2.4173
0.9750
2.7233
5.1888
-2.4176
0.9750
1.6093
3.7770
-1.6938
0.9824
1.3724
3.6186
-1.5967
0.9834
1.1867
3.5546
-1.5461
0.9839
1.0188
3.5173
-1.5107
0.9843
0.8635
3.5033
-1.4886
0.9845
0.5607
3.4499
-1.4420
0.9850
0.2694
3.3369
-1.3812
0.9856
0.1295
3.2123
-1.3264
0.9862
-0.2685
3.3262
-1.3767
0.9857
-0.4030
3.3191
-1.3794
0.9856
-0.8157
3.3093
-1.4062
0.9854
-1.0992
3.2924
-1.4320
0.9851
-1.5535
3.2740
-1.4951
0.9844
-1.7133
3.2645
-1.5210
0.9842
-1.8763
3.2499
-1.5482
0.9839
-4.0552
4.2220
-2.4152
0.9750
-4.2211
4.0544
-2.4147
0.9750
-4.5316
3.7000
-2.4136
0.9750
-4.8124
3.3217
-2.4125
0.9750
-5.0615
2.9223
-2.4113
0.9750
-5.1737
2.7154
-2.4106
0.9750
-5.3726
2.2890
-2.4093
0.9750
-5.5362
1.8483
-2.4080
0.9751
-5.6638
1.3960
-2.4066
0.9751
-5.7543
0.9352
-2.4052
0.9751
-5.7856
0.7025
-2.4045
0.9751
-5.8075
0.4688
-2.4038
0.9751
-5.8199
0.2345
-2.4030
0.9751
-5.4700
0.0000
-2.4023
0.9764
-5.4492
-0.4399
-2.4009
0.9764
-5.4256
-0.6588
-2.4003
0.9764
-5.3931
-0.8765
-2.3996
0.9764
-5.3520
-1.0926
-2.3989
0.9764
-5.2438
-1.5189
-2.3976
0.9764
-5.1770
-1.7284
-2.3969
0.9764
-4.8276
-2.5338
-2.3944
0.9765
-4.7205
-2.7254
-2.3938
0.9765
-4.2182
-3.4441
-2.3916
0.9765
-4.0752
-3.6104
-2.3911
0.9765
-3.7700
-3.9250
-2.3901
0.9765
-3.6081
-4.0728
-2.3896
0.9765
-3.0893
-4.4756
-2.3883
0.9765
-2.9061
-4.5956
-2.3879
0.9765
-2.5261
-4.8132
-2.3872
0.9765
-2.3300
-4.9103
-2.3869
0.9765
-2.1301
-4.9995
-2.3866
0.9765
-1.9268
-5.0807
-2.3864
0.9765
-1.3000
-5.2745
-2.3857
0.9765
-1.0865
-5.3222
-2.3856
0.9765
-0.8713
-5.3613
-2.3854
0.9765
-0.6547
-5.3918
-2.3853
0.9766
-0.2187
-5.4267
-2.3852
0.9766
0.8712
-5.3610
-2.3853
0.9766
1.3000
-5.2741
-2.3855
0.9765
1.9266
-5.0801
-2.3861
0.9765
2.3296
-4.9096
-2.3866
0.9765
2.5257
-4.8124
-2.3869
0.9765
2.7178
-4.7074
-2.3872
0.9765
2.9056
-4.5948
-2.3875
0.9765
3.0887
-4.4747
-2.3878
0.9765
3.2669
-4.3474
-2.3882
0.9765
3.6073
-4.0718
-2.3890
0.9765
3.7691
-3.9240
-2.3895
0.9765
3.9248
-3.7698
-2.3900
0.9765
4.3533
-3.2713
-2.3915
0.9765
4.7191
-2.7246
-2.3931
0.9765
4.8262
-2.5330
-2.3937
0.9765
5.0169
-2.1375
-2.3949
0.9765
5.2421
-1.5184
-2.3968
0.9764
5.3004
-1.3064
-2.3974
0.9764
5.4622
-0.2201
-2.4008
0.9764
5.4682
0.0000
-2.4015
0.9764
5.4535
0.4403
-2.4028
0.9764
5.4034
0.8782
-2.4042
0.9764
5.2626
1.5243
-2.4062
0.9763
4.9552
2.3513
-2.4087
0.9763
4.3901
3.2990
-2.4117
0.9763
4.2547
3.4739
-2.4122
0.9763
3.9631
3.8066
-2.4133
0.9763
3.3037
4.3965
-2.4152
0.9763
2.9402
4.6496
-2.4160
0.9763
1.4663
3.4416
-1.6429
0.9838
1.2831
3.3832
-1.5891
0.9843
0.8225
3.3371
-1.5094
0.9851
0.1283
3.1833
-1.3992
0.9862
0.0000
3.1107
-1.3661
0.9865
-0.5334
3.2819
-1.4603
0.9856
-1.2367
3.2609
-1.5316
0.9849
-1.3895
3.2613
-1.5568
0.9846
-1.8637
3.2281
-1.6370
0.9838
-2.3578
3.4159
-1.8228
0.9820
-2.4579
3.2709
-1.7969
0.9823
-3.4782
4.2600
-2.4153
0.9763
-3.6462
4.1158
-2.4148
0.9763
-4.1133
3.6441
-2.4134
0.9763
-4.2558
3.4748
-2.4129
0.9763
-4.3914
3.2999
-2.4124
0.9763
-4.5196
3.1197
-2.4118
0.9763
-4.7538
2.7446
-2.4107
0.9763
-4.9567
2.3520
-2.4095
0.9763
-5.2000
1.7360
-2.4076
0.9763
-5.2643
1.5248
-2.4070
0.9763
-5.3200
1.3113
-2.4063
0.9763
-5.3670
1.0957
-2.4057
0.9764
-5.4554
0.4404
-2.4036
0.9764
-5.1461
-0.2074
-2.4016
0.9775
-5.1322
-0.4143
-2.4010
0.9775
-5.1100
-0.6205
-2.4004
0.9775
-5.0796
-0.8255
-2.3997
0.9775
-4.6410
-2.2022
-2.3954
0.9776
-4.5475
-2.3868
-2.3949
0.9776
-4.3387
-2.7437
-2.3938
0.9776
-4.2238
-2.9155
-2.3932
0.9776
-4.1020
-3.0825
-2.3927
0.9776
-3.6983
-3.5523
-2.3912
0.9776
-3.5516
-3.6976
-2.3908
0.9776
-3.3992
-3.8369
-2.3903
0.9776
-2.9104
-4.2165
-2.3891
0.9776
-2.7379
-4.3296
-2.3887
0.9776
-2.3800
-4.5347
-2.3881
0.9777
-2.0069
-4.7104
-2.3875
0.9777
-1.8154
-4.7868
-2.3873
0.9777
-1.2249
-4.9695
-2.3867
0.9777
-0.8209
-5.0513
-2.3864
0.9777
-0.6168
-5.0801
-2.3863
0.9777
-0.4117
-5.1006
-2.3862
0.9777
-0.2060
-5.1129
-2.3861
0.9777
0.2061
-5.1129
-2.3861
0.9777
0.8209
-5.0511
-2.3862
0.9777
1.0236
-5.0141
-2.3863
0.9777
1.6209
-4.8551
-2.3868
0.9777
1.8152
-4.7863
-2.3870
0.9777
2.3796
-4.5340
-2.3877
0.9777
2.5606
-4.4350
-2.3880
0.9777
2.7374
-4.3289
-2.3883
0.9776
2.9099
-4.2157
-2.3887
0.9776
3.0778
-4.0958
-2.3890
0.9776
3.2407
-3.9691
-2.3894
0.9776
3.5508
-3.6968
-2.3902
0.9776
3.6975
-3.5514
-2.3906
0.9776
3.8382
-3.4003
-2.3911
0.9776
3.9728
-3.2436
-2.3916
0.9776
4.1010
-3.0817
-2.3921
0.9776
4.3375
-2.7429
-2.3931
0.9776
4.4454
-2.5666
-2.3936
0.9776
4.6397
-2.2015
-2.3947
0.9776
4.8041
-1.8220
-2.3959
0.9776
4.9376
-1.4302
-2.3971
0.9776
5.0779
-0.8252
-2.3989
0.9776
5.1084
-0.6203
-2.3996
0.9775
5.1306
-0.4142
-2.4002
0.9775
5.1472
0.2074
-2.4021
0.9775
5.1165
0.6213
-2.4034
0.9775
4.8267
1.8305
-2.4071
0.9775
4.7502
2.0239
-2.4077
0.9775
4.6661
2.2141
-2.4083
0.9775
4.5742
2.4007
-2.4089
0.9775
4.1337
3.1062
-2.4111
0.9774
3.8719
3.4302
-2.4121
0.9774
3.5848
3.7322
-2.4131
0.9774
3.4322
3.8742
-2.4135
0.9774
3.2740
4.0100
-2.4140
0.9774
3.1104
4.1392
-2.4144
0.9774
2.7682
4.3775
-2.4151
0.9774
2.4076
4.5873
-2.4158
0.9774
2.2212
4.6811
-2.4161
0.9774
1.2310
3.2458
-1.6187
0.9848
0.9357
3.2304
-1.5683
0.9853
0.7977
3.2362
-1.5542
0.9854
0.3949
3.2519
-1.5275
0.9856
0.2627
3.2543
-1.5225
0.9857
0.1312
3.2568
-1.5199
0.9857
0.0000
3.0985
-1.4449
0.9864
-0.1314
3.2606
-1.5217
0.9857
-0.5303
3.2631
-1.5416
0.9855
-0.6662
3.2634
-1.5531
0.9854
-0.9420
3.2522
-1.5789
0.9852
-1.0833
3.2450
-1.5953
0.9850
-1.5366
3.2383
-1.6714
0.9843
-2.0378
3.2225
-1.7779
0.9833
-2.2264
3.2254
-1.8276
0.9829
-2.4631
3.2778
-1.9119
0.9821
-3.4330
3.8750
-2.4141
0.9774
-3.7323
3.5849
-2.4132
0.9774
-3.8729
3.4311
-2.4127
0.9774
-4.0071
3.2717
-2.4123
0.9774
-4.1347
3.1071
-2.4118
0.9774
-4.3695
2.7631
-2.4107
0.9774
-4.4762
2.5843
-2.4102
0.9774
-4.5755
2.4014
-2.4096
0.9775
-4.6674
2.2147
-2.4091
0.9775
-4.7517
2.0245
-2.4085
0.9775
-4.8282
1.8311
-2.4079
0.9775
-4.8967
1.6347
-2.4073
0.9775
-4.9573
1.4359
-2.4067
0.9775
-5.0099
1.2348
-2.4061
0.9775
-5.0903
0.8273
-2.4048
0.9775
